2,3
2,1
1,3
1,1
0,507
0,506
0,505
0,504
0,315
0,305
0,302
0,9
0,0
105,34
105,33
105,32
105,31
105,30
105,29
105,28
105,27
105,26
105,25
105,24
105,23
105,22
105,21
105,20
105,19
105,18
105,17
105,16
105,15
105,14
105,13
105,12
105,11
105,10
105,9
105,8
105,7
105,6
105,5
105,4
105,3
105,2
105,0
0,308
0,307
0,304
0,303
0,12
0,10
0,8
0,470
0,428
0,300
0,469
0,430
0,299
0,496
0,468
0,298
0,487
0,467
0,297
0,466
0,427
0,296
0,486
0,426
0,295
0,465
0,425
0,294
0,464
0,424
0,293
0,485
0,423
0,292
0,484
0,422
0,291
0,483
0,421
0,290
0,482
0,420
0,289
0,463
0,419
0,288
0,503
0,418
