0,273
0,270
262,35
3,2
3,1
3,3
10,187
10,257
10,13
10,303
10,261
10,199
10,125
9,5
9,2
9,3
8,6
8,18
245,6
245,5
245,4
245,3
245,2
245,1
245,0
244,5
244,4
244,3
244,2
244,1
244,0
243,5
243,4
243,3
243,2
243,1
243,0
239,3
239,2
239,1
239,0
238,3
238,2
238,1
238,0
237,3
237,2
237,1
237,0
20,3
20,2
20,1
12,3
12,2
12,1
11,30
11,29
11,28
11,27
11,26
11,25
11,23
11,22
11,21
11,20
11,19
11,18
11,17
11,16
11,15
19,2
19,1
11,14
11,13
11,12
11,11
11,10
11,9
11,8
11,7
11,6
11,5
11,4
11,3
19,3
11,2
11,1
10,315
10,314
10,313
10,312
10,307
10,305
10,302
10,297
10,291
10,285
10,282
10,270
10,251
10,247
10,240
10,239
10,235
10,233
10,229
10,223
18,1
10,219
