290,5
288,5
288,4
0,273
0,270
308,35
3,2
3,1
3,3
10,104
10,252
10,178
10,26
10,160
10,2
10,3
11,29
9,4
9,6
8,15
8,11
8,8
8,17
8,4
8,10
290,6
290,4
290,3
290,1
289,4
289,3
289,1
288,3
288,1
284,3
284,1
282,3
282,1
12,3
12,2
12,1
12,0
11,30
11,28
11,27
11,26
11,25
11,24
11,23
11,22
11,21
11,20
11,19
11,18
11,17
11,16
11,15
11,14
11,13
11,12
11,11
11,10
11,9
11,8
20,2
20,1
11,7
11,4
11,3
11,2
20,3
11,1
11,0
10,311
10,310
19,2
19,1
10,304
19,3
10,301
10,298
10,295
10,290
10,285
10,282
10,269
10,268
10,267
10,264
10,261
10,260
10,259
10,258
10,255
10,254
10,249
10,248
10,241
10,237
10,235
10,231
10,229
10,225
10,219
10,217
10,216
10,215
10,208
10,207
10,205
18,1
10,204
18,3
10,194
10,185
14,1
